2 12 14 3 5 0 13 15 0 2 12 14 3 5 14 13 15 0 2 12 14 3 5 4 13 0 14 2 12 14 3 5 12 13 15 0 2 12 14 3 5 14 13 0 13 2 12 14 3 5 4 0 15 14
2 12 15 3 5 14 13 22 12 2 12 4 3 5 14 0 15 22 2 12 14 3 5 4 13 0 14 2 12 14 3 5 4 13 15 14 2 12 14 22 5 14 13 15 4 2 12 14 3 5 4 13 15 14
2 12 14 3 5 22 13 15 22 2 15 14 3 5 14 13 15 22 2 12 14 3 5 4 13 0 14 2 12 14 0 5 12 13 15 22 2 12 14 3 5 0 13 15 2 2 12 14 3 5 4 13 0 14
2 12 14 3 5 22 13 15 3 4 12 14 3 5 14 0 15 22 2 12 14 3 5 4 13 0 14 2 12 14 3 5 4 13 15 22 2 12 14 3 5 14 13 15 3 2 12 14 3 5 4 13 15 14
2 12 15 3 5 4 13 15 0 2 12 14 3 5 14 13 3 0 2 12 14 3 5 4 13 0 14 2 12 14 3 5 0 13 15 0 2 12 14 3 5 14 13 15 13 2 12 14 3 5 4 13 15 14

1 1 1 1 1 1 1 1 1 1 1 1 1 1 1 1 1 1 1 1 1 1 1 1 1 1 1 1 1 1 1 1 1 1 1 1 1 1 1 1 1 1 1 1 1 1 1 1 1 1 1 1 1 1
1 1 1 1 1 1 1 1 1 1 1 1 1 1 1 1 1 1 1 1 1 1 1 1 1 1 1 1 1 1 1 1 1 1 1 1 1 1 1 1 1 1 1 1 1 1 1 1 1 1 1 1 1 1
1 1 1 1 1 1 1 1 1 1 1 1 1 1 1 1 1 1 1 1 1 1 1 1 1 1 1 1 1 1 1 1 1 1 1 1 1 1 1 1 1 1 1 1 1 1 1 1 1 1 1 1 1 1
1 1 1 1 1 1 1 1 1 1 1 1 1 1 1 1 1 1 1 1 1 1 1 1 1 1 1 1 1 1 1 1 1 1 1 1 1 1 1 1 1 1 1 1 1 1 1 1 1 1 1 1 1 1
1 1 1 1 1 1 1 1 1 1 1 1 1 1 1 1 1 1 1 1 1 1 1 1 1 1 1 1 1 1 1 1 1 1 1 1 1 1 1 1 1 1 1 1 1 1 1 1 1 1 1 1 1 1

2 12 14 3 5 0 13 15 0 2 12 14 3 5 14 13 15 0 2 12 14 3 5 4 13 0 14 2 12 14 3 5 12 13 15 0 2 12 14 3 5 14 13 0 13 2 12 14 3 5 4 0 15 14
2 12 15 3 5 14 13 22 12 2 12 4 3 5 14 0 15 22 2 12 14 3 5 4 13 0 14 2 12 14 3 5 4 13 15 14 2 12 14 22 5 14 13 15 4 2 12 14 3 5 4 13 15 14
2 12 14 3 5 22 13 15 22 2 15 14 3 5 14 13 15 22 2 12 14 3 5 4 13 0 14 2 12 14 0 5 12 13 15 22 2 12 14 3 5 0 13 15 2 2 12 14 3 5 4 13 0 14
2 12 14 3 5 22 13 15 3 4 12 14 3 5 14 0 15 22 2 12 14 3 5 4 13 0 14 2 12 14 3 5 4 13 15 22 2 12 14 3 5 14 13 15 3 2 12 14 3 5 4 13 15 14
2 12 15 3 5 4 13 15 0 2 12 14 3 5 14 13 3 0 2 12 14 3 5 4 13 0 14 2 12 14 3 5 0 13 15 0 2 12 14 3 5 14 13 15 13 2 12 14 3 5 4 13 15 14

1 1 1 1 1 1 1 1 1 1 1 1 1 1 1 1 1 1 1 1 1 1 1 1 1 1 1 1 1 1 1 1 1 1 1 1 1 1 1 1 1 1 1 1 1 1 1 1 1 1 1 1 1 1
1 1 1 1 1 1 1 1 1 1 1 1 1 1 1 1 1 1 1 1 1 1 1 1 1 1 1 1 1 1 1 1 1 1 1 1 1 1 1 1 1 1 1 1 1 1 1 1 1 1 1 1 1 1
1 1 1 1 1 1 1 1 1 1 1 1 1 1 1 1 1 1 1 1 1 1 1 1 1 1 1 1 1 1 1 1 1 1 1 1 1 1 1 1 1 1 1 1 1 1 1 1 1 1 1 1 1 1
1 1 1 1 1 1 1 1 1 1 1 1 1 1 1 1 1 1 1 1 1 1 1 1 1 1 1 1 1 1 1 1 1 1 1 1 1 1 1 1 1 1 1 1 1 1 1 1 1 1 1 1 1 1
1 1 1 1 1 1 1 1 1 1 1 1 1 1 1 1 1 1 1 1 1 1 1 1 1 1 1 1 1 1 1 1 1 1 1 1 1 1 1 1 1 1 1 1 1 1 1 1 1 1 1 1 1 1

0 0 0 50 150 400
0 0 0 0 0 0
0 0 0 25 60 200
0 0 0 25 60 200
0 0 0 25 60 200
0 0 0 25 60 200
0 0 0 0 0 0
0 0 0 0 0 0
0 0 0 0 0 0
0 0 0 0 0 0
0 0 0 0 0 0
0 0 0 0 0 0
0 0 0 0 0 0
0 0 0 0 0 0
0 0 0 0 0 0
0 0 0 0 0 0
0 0 0 0 0 0
0 0 0 0 0 0
0 0 0 0 0 0
0 0 0 0 0 0
0 0 0 0 0 0
0 0 0 0 0 0
0 0 0 0 0 0
0 0 0 0 0 0
0 0 0 0 0 0
0 0 0 0 0 0

0 0 0 50 150 400
0 0 0 0 0 0
0 0 0 25 60 200
0 0 0 25 60 200
0 0 0 25 60 200
0 0 0 25 60 200
0 0 0 0 0 0
0 0 0 0 0 0
0 0 0 0 0 0
0 0 0 0 0 0
0 0 0 0 0 0
0 0 0 0 0 0
0 0 0 0 0 0
0 0 0 0 0 0
0 0 0 0 0 0
0 0 0 0 0 0
0 0 0 0 0 0
0 0 0 0 0 0
0 0 0 0 0 0
0 0 0 0 0 0
0 0 0 0 0 0
0 0 0 0 0 0
0 0 0 0 0 0
0 0 0 0 0 0
0 0 0 0 0 0
0 0 0 0 0 0
